자치구,총인구,노인인구,노인인구비율,CCTV댓수,2021년,2017년 이전,최근 3개년,최근 증가율,1천명당 CCTV댓수
종로구,154318,27776,18.0,1772.0,43.0,1435.0,294.0,20.49,11.48
중구,131943,24225,18.36,,,,,,
용산구,238300,38906,16.33,2383.0,0.0,1334.0,1049.0,78.64,10.0
성동구,294140,46053,15.66,3602.0,76.0,2413.0,1113.0,46.13,12.25
광진구,353380,51278,14.51,2588.0,32.0,1204.0,1352.0,112.29,7.32
동대문구,351626,61759,17.56,2497.0,63.0,1805.0,629.0,34.85,7.1
중랑구,393149,70908,18.04,3296.0,4.0,1131.0,2161.0,191.07,8.38
성북구,441717,74235,16.81,3958.0,188.0,1938.0,1832.0,94.53,8.96
강북구,304257,63914,21.01,2462.0,39.0,443.0,1980.0,446.95,8.09
도봉구,320711,63448,19.78,1629.0,331.0,710.0,588.0,82.82,5.08
노원구,517038,87537,16.93,2415.0,104.0,1389.0,922.0,66.38,4.67
은평구,477961,86724,18.14,3791.0,131.0,1680.0,1980.0,117.86,7.93
서대문구,316415,54056,17.08,2940.0,1.0,1962.0,977.0,49.8,9.29
마포구,379525,54260,14.3,2421.0,20.0,1264.0,1137.0,89.95,6.38
양천구,452255,67880,15.01,3312.0,0.0,2573.0,739.0,28.72,7.32
강서구,581265,91505,15.74,2560.0,123.0,1365.0,1072.0,78.53,4.4
구로구,422361,71930,17.03,4075.0,0.0,2738.0,1337.0,48.83,9.65
금천구,244887,40691,16.62,2374.0,9.0,948.0,1417.0,149.47,9.69
영등포구,401814,62108,15.46,3778.0,5.0,1837.0,1936.0,105.39,9.4
동작구,396122,66306,16.74,2297.0,11.0,1245.0,1041.0,83.61,5.8
관악구,501572,79444,15.84,4942.0,34.0,3274.0,1634.0,49.91,9.85
서초구,420045,60493,14.4,3704.0,3.0,2495.0,1206.0,48.34,8.82
강남구,538075,77222,14.35,6502.0,1.0,4022.0,2479.0,61.64,12.08
송파구,664996,96453,14.5,2854.0,101.0,908.0,1845.0,203.19,4.29
강동구,467997,73228,15.65,2547.0,0.0,1200.0,1347.0,112.25,5.44
